%YAML:1.0
---
calibration_time: "Fri May 20 18:56:25 2022"
rmat: !!opencv-matrix
   rows: 3
   cols: 3
   dt: f
   data: [ -0.0015425 ,  0.99992293, -0.0123192,
            0.99999164,  0.00158901,  0.00376663,
            0.00378592, -0.01231328, -0.99991702 ]
tvec: !!opencv-matrix
   rows: 3
   cols: 1
   dt: f
   data: [ -1.0899953065510286e+00, -4.7868011322118376e+00,
       2.8901836360109729e+02 ]
