%YAML:1.0
---
calibration_time: "Fri May 20 17:32:08 2022"
nframes: 218
image_width: 2664
image_height: 2304
board_width: 21
board_height: 9
square_size: 5.5548954010009766e+00
flags: 0
camera_matrix: !!opencv-matrix
   rows: 3
   cols: 3
   dt: d
   data: [ 4.923e+03, 0., 1.3223e+03, 0.,
       4.92343e+03, 1.12098e+03, 0., 0., 1. ]
distortion_coefficients: !!opencv-matrix
   rows: 1
   cols: 5
   dt: d
   data: [ 7.8405844211286865e-02, -6.0269892517000201e-01,
       2.7788932910088735e-04, -6.0606501745382358e-04,
       -1.9757530337725002e+00 ]
avg_reprojection_error: 2.0945106875626024e-01
per_view_reprojection_errors: !!opencv-matrix
   rows: 218
   cols: 1
   dt: f
   data: [ 2.73369074e-01, 2.56830305e-01, 1.18934333e-01,
       1.15858600e-01, 1.17365949e-01, 1.24375962e-01, 1.24429688e-01,
       1.24538980e-01, 1.14011824e-01, 1.19939052e-01, 1.65464684e-01,
       1.14647210e-01, 1.20644055e-01, 1.06877849e-01, 1.13581933e-01,
       1.10528596e-01, 2.49047548e-01, 1.09673791e-01, 1.16053425e-01,
       1.16022304e-01, 1.51051208e-01, 1.24209963e-01, 1.09645121e-01,
       4.77203816e-01, 1.24915741e-01, 1.34416312e-01, 1.25481904e-01,
       1.26292214e-01, 1.54117361e-01, 1.39721513e-01, 1.41507000e-01,
       1.46852911e-01, 1.26810387e-01, 1.23971991e-01, 1.24139093e-01,
       1.13139495e-01, 1.32859230e-01, 6.03947282e-01, 1.04062542e-01,
       1.08425289e-01, 1.09060749e-01, 1.10179149e-01, 1.60169438e-01,
       1.13977708e-01, 1.74221367e-01, 1.34160742e-01, 1.10496260e-01,
       1.17469460e-01, 1.22633331e-01, 1.30105317e-01, 1.16556652e-01,
       1.20280989e-01, 1.12498790e-01, 2.25418150e-01, 1.12437807e-01,
       1.81428879e-01, 1.15012333e-01, 1.17395014e-01, 1.20907485e-01,
       2.36125410e-01, 9.86048460e-01, 2.05362767e-01, 2.59851158e-01,
       1.94912687e-01, 2.08368212e-01, 2.40110546e-01, 1.16269439e-01,
       2.00656056e-01, 1.99561402e-01, 1.93630815e-01, 1.98986873e-01,
       1.90917268e-01, 1.92829654e-01, 1.71645597e-01, 2.03042045e-01,
       1.99128523e-01, 1.29206836e-01, 2.00428531e-01, 1.95941702e-01,
       1.95091844e-01, 1.96930259e-01, 1.98756918e-01, 1.99269459e-01,
       2.02008069e-01, 1.98060572e-01, 1.91821367e-01, 1.92993388e-01,
       1.12024210e-01, 2.01969355e-01, 1.20111637e-01, 1.06220804e-01,
       1.11431912e-01, 1.07293189e-01, 2.43860602e-01, 1.16103910e-01,
       1.10594667e-01, 1.11452721e-01, 1.28534362e-01, 1.11904465e-01,
       1.12918183e-01, 1.09880105e-01, 1.13187715e-01, 1.08447455e-01,
       1.13315515e-01, 1.12501025e-01, 1.13721333e-01, 1.35538429e-01,
       1.30267516e-01, 1.16925865e-01, 1.21360488e-01, 1.08121380e-01,
       1.09541401e-01, 1.22007586e-01, 1.25470042e-01, 2.19251394e-01,
       2.11635306e-01, 2.22459450e-01, 1.08999550e-01, 3.32351863e-01,
       1.97229475e-01, 3.51931989e-01, 2.67563522e-01, 1.86321437e-01,
       1.14879239e+00, 1.91532761e-01, 1.78475320e-01, 1.75257564e-01,
       1.72511578e-01, 1.67449847e-01, 2.10189849e-01, 1.51454955e-01,
       1.87869936e-01, 1.86645776e-01, 1.69319645e-01, 1.79446042e-01,
       1.26437753e-01, 1.84603915e-01, 1.67713910e-01, 1.65764883e-01,
       1.30812094e-01, 1.18831448e-01, 1.16247684e-01, 1.34042472e-01,
       1.23013601e-01, 9.62733403e-02, 8.30180347e-02, 7.82568604e-02,
       7.91781321e-02, 8.96452293e-02, 8.61059949e-02, 1.03935130e-01,
       1.01559252e-01, 1.03263937e-01, 1.03379048e-01, 1.33518353e-01,
       1.47241294e-01, 9.55748782e-02, 9.36588570e-02, 9.92399678e-02,
       1.03807732e-01, 9.17788520e-02, 9.17852595e-02, 1.02696881e-01,
       1.02102876e-01, 9.11015868e-02, 1.24809317e-01, 9.53914225e-02,
       1.02810264e-01, 1.24729514e-01, 1.08316153e-01, 1.50611848e-01,
       1.49901479e-01, 1.47874847e-01, 1.50330812e-01, 1.41578317e-01,
       1.18839033e-01, 1.72359928e-01, 1.65949032e-01, 1.57177091e-01,
       1.68282300e-01, 1.90975532e-01, 1.90657005e-01, 2.04866275e-01,
       1.62961602e-01, 1.78500518e-01, 1.80790886e-01, 1.04827985e-01,
       1.63724139e-01, 2.08651260e-01, 2.39019021e-01, 1.47622153e-01,
       1.45072713e-01, 1.50924623e-01, 1.40352249e-01, 1.62524372e-01,
       1.44201681e-01, 1.47189811e-01, 1.01256698e-01, 6.20647550e-01,
       1.51836157e-01, 1.50957704e-01, 1.56366363e-01, 1.64673686e-01,
       1.52656063e-01, 9.41471815e-01, 2.35022604e-01, 4.49813873e-01,
       1.73407704e-01, 9.56993699e-02, 4.11278456e-01, 1.52459860e-01,
       1.45450354e-01, 1.39136806e-01, 1.27489761e-01, 1.23571791e-01,
       1.19099945e-01, 1.16135389e-01, 1.13096416e-01 ]
